0 0 0	
0 0 0	
0 0 0	
0 0 0	
0 0 0	
0 0 0	
0 0 0	
0 0 0	
44 188 255	
0 0 0	
0 0 0	
0 0 0	
0 0 0	
0 0 0	
0 0 0	
0 0 0	

0 0 0	
0 0 0	
0 0 0	
0 0 0	
0 0 0	
0 0 0	
0 0 0	
0 0 0	
0 0 0	
0 0 0	
0 0 0	
0 0 0	
0 0 0	
0 0 0	
0 0 0	
0 0 0	

0 0 0	
0 0 0	
0 0 0	
0 0 0	
0 0 0	
0 0 0	
0 0 0	
0 0 0	
0 0 0	
0 0 0	
0 0 0	
0 0 0	
0 0 0	
0 0 0	
0 0 0	
0 0 0	

0 0 0	
0 0 0	
0 0 0	
0 0 0	
0 0 0	
0 0 0	
0 0 0	
0 0 0	
0 0 0	
0 0 0	
0 0 0	
0 0 0	
0 0 0	
0 0 0	
0 0 0	
0 0 0	

0 0 0	
0 0 0	
0 0 0	
0 0 0	
0 0 0	
0 0 0	
0 0 0	
0 0 0	
0 0 0	
0 0 0	
0 0 0	
0 0 0	
0 0 0	
170 255 0	
0 0 0	
0 0 0	

0 0 0	
0 0 0	
0 0 0	
0 0 0	
0 0 0	
0 0 0	
0 0 0	
0 0 0	
0 0 0	
0 0 0	
0 0 0	
0 0 0	
0 0 0	
0 0 0	
0 0 0	
0 0 0	

0 0 0	
0 0 0	
0 0 0	
0 0 0	
0 255 0	
0 0 0	
0 0 0	
0 0 0	
0 0 0	
170 170 0	
0 0 0	
0 0 0	
0 0 0	
0 0 0	
0 0 0	
0 0 0	

0 0 0	
0 0 0	
0 0 0	
0 0 0	
0 0 0	
0 0 0	
0 0 0	
0 0 0	
0 0 0	
0 0 0	
0 0 0	
0 0 0	
0 0 0	
0 0 0	
0 0 0	
0 0 0	

0 0 0	
0 0 0	
0 0 0	
0 0 0	
0 0 0	
0 0 0	
0 0 0	
0 0 0	
0 0 0	
0 0 0	
0 0 0	
0 0 0	
0 0 0	
0 0 0	
0 0 0	
0 0 0	

0 0 0	
0 0 0	
0 0 0	
0 0 0	
0 0 0	
0 0 0	
0 0 0	
0 0 0	
0 0 0	
0 0 0	
0 0 0	
0 0 0	
0 0 0	
0 0 0	
0 0 0	
0 0 0	

0 0 0	
0 0 0	
0 0 0	
0 0 0	
0 0 0	
0 0 0	
0 0 0	
0 0 0	
0 0 0	
0 0 0	
0 0 0	
0 0 0	
0 0 0	
0 0 0	
0 0 0	
0 0 0	

0 0 0	
0 0 0	
0 0 0	
0 0 0	
0 0 0	
0 0 0	
0 0 0	
0 0 0	
0 0 0	
0 0 0	
0 0 0	
0 0 0	
0 0 0	
0 0 0	
0 0 0	
0 0 0	

0 0 0	
0 0 0	
0 0 0	
0 0 0	
0 0 0	
0 0 0	
0 0 0	
0 0 0	
0 0 0	
0 0 0	
0 0 0	
0 0 0	
0 0 0	
0 0 0	
0 0 0	
0 0 0	

0 0 0	
0 0 0	
0 0 0	
0 0 0	
0 0 0	
0 0 0	
0 0 0	
0 0 0	
0 0 0	
0 0 0	
0 0 0	
0 0 0	
0 0 0	
0 0 0	
0 0 0	
0 0 0	

0 0 0	
0 0 0	
0 0 0	
0 0 0	
0 0 0	
0 0 0	
0 0 0	
0 0 0	
0 0 0	
0 0 0	
0 0 0	
0 0 0	
0 0 0	
0 0 0	
0 0 0	
0 0 0	

0 0 0	
0 0 0	
0 0 0	
0 0 0	
0 0 0	
0 0 0	
0 0 0	
0 0 0	
0 0 0	
0 0 0	
0 0 0	
0 0 0	
0 0 0	
0 0 0	
0 0 0	
0 0 0	

