0 255 0	
170 85 0	
170 0 0	
170 0 0	
170 0 0	
170 0 0	
170 0 0	
170 0 0	
170 0 0	
170 0 0	
170 0 0	
170 0 0	
170 0 0	
170 0 0	
170 0 0	
0 255 255	

170 0 0	
170 0 0	
170 0 0	
170 0 0	
170 0 0	
170 0 0	
170 0 0	
170 0 0	
170 0 0	
170 0 0	
170 0 0	
170 0 0	
170 0 0	
170 0 0	
170 0 0	
170 0 0	

170 0 0	
170 0 0	
170 0 0	
170 0 0	
170 0 0	
170 0 0	
170 0 0	
170 0 0	
170 0 0	
170 0 0	
170 0 0	
170 0 0	
170 0 0	
170 0 0	
170 0 0	
170 0 0	

170 0 0	
170 0 0	
170 0 0	
170 0 0	
170 0 0	
170 0 0	
170 0 0	
170 0 0	
170 0 0	
170 0 0	
170 0 0	
170 0 0	
170 0 0	
170 0 0	
170 0 0	
170 0 0	

170 0 0	
170 0 0	
170 0 0	
170 0 0	
170 0 0	
170 0 0	
170 0 0	
170 0 0	
170 0 0	
170 0 0	
170 0 0	
170 0 0	
170 0 0	
170 0 0	
170 0 0	
170 0 0	

170 0 0	
170 0 0	
170 0 0	
170 0 0	
170 0 0	
170 0 0	
170 0 0	
170 0 0	
170 0 0	
170 0 0	
170 0 0	
170 0 0	
170 0 0	
170 0 0	
170 0 0	
170 0 0	

170 0 0	
170 0 0	
170 0 0	
170 0 0	
170 0 0	
170 0 0	
170 0 0	
170 0 0	
170 0 0	
170 0 0	
170 0 0	
170 0 0	
170 0 0	
170 0 0	
170 0 0	
170 0 0	

170 0 0	
170 0 0	
170 0 0	
170 0 0	
170 0 0	
170 0 0	
170 0 0	
0 255 255	
170 255 127	
170 0 0	
170 0 0	
170 0 0	
170 0 0	
170 0 0	
170 0 0	
170 0 0	

170 0 0	
170 0 0	
170 0 0	
170 0 0	
170 0 0	
170 0 0	
170 0 0	
0 170 127	
170 255 127	
170 0 0	
170 0 0	
170 0 0	
170 0 0	
170 0 0	
170 0 0	
170 0 0	

170 0 0	
170 0 0	
170 0 0	
170 0 0	
170 0 0	
170 0 0	
170 0 0	
170 0 0	
170 0 0	
170 0 0	
170 0 0	
170 0 0	
170 0 0	
170 0 0	
170 0 0	
170 0 0	

170 0 0	
170 0 0	
170 0 0	
170 0 0	
170 0 0	
170 0 0	
170 0 0	
170 0 0	
170 0 0	
170 0 0	
170 0 0	
170 0 0	
170 0 0	
170 0 0	
170 0 0	
170 0 0	

170 0 0	
170 0 0	
170 0 0	
170 0 0	
170 0 0	
170 0 0	
170 0 0	
170 0 0	
170 0 0	
170 0 0	
170 0 0	
170 0 0	
170 0 0	
170 0 0	
170 0 0	
170 0 0	

170 0 0	
170 0 0	
170 0 0	
170 0 0	
170 0 0	
170 0 0	
170 0 0	
170 0 0	
170 0 0	
170 0 0	
170 0 0	
85 170 127	
170 0 0	
170 0 0	
170 0 0	
170 0 0	

170 0 0	
170 0 0	
170 0 0	
170 0 0	
170 0 0	
170 0 0	
170 0 0	
170 0 0	
170 0 0	
170 0 0	
170 0 0	
170 0 0	
170 0 0	
170 0 0	
170 0 0	
170 0 0	

170 0 0	
170 0 0	
170 0 0	
170 0 0	
170 0 0	
170 0 0	
170 0 0	
170 0 0	
170 0 0	
170 0 0	
170 0 0	
170 0 0	
170 0 0	
170 0 0	
170 0 0	
170 0 0	

170 0 0	
170 0 0	
170 0 0	
170 0 0	
170 0 0	
170 0 0	
170 0 0	
170 0 0	
170 0 0	
170 0 0	
170 0 0	
170 0 0	
170 0 0	
170 0 0	
170 0 0	
170 0 0	

