85 170 0	
0 0 0	
0 0 0	
0 0 0	
0 0 0	
0 0 0	
0 0 0	
0 0 0	
0 0 0	
0 0 0	
0 0 0	
0 0 0	
0 0 0	
0 0 0	
0 0 0	
0 0 0	

0 0 0	
0 0 0	
0 0 0	
0 0 0	
0 0 0	
0 0 0	
0 0 0	
0 0 0	
0 0 0	
0 0 0	
0 0 0	
0 0 0	
0 0 0	
0 0 0	
0 0 0	
0 0 0	

0 0 0	
0 0 0	
0 0 0	
0 0 0	
0 0 0	
0 0 0	
0 0 0	
0 0 0	
0 0 0	
0 0 0	
0 0 0	
0 0 0	
0 0 0	
0 0 0	
0 0 0	
0 0 0	

0 0 0	
0 0 0	
0 0 0	
0 0 0	
0 0 0	
0 0 0	
0 0 0	
0 0 0	
0 0 0	
0 0 0	
0 0 0	
0 0 0	
0 0 0	
0 0 0	
255 134 28	
0 0 0	

0 0 0	
0 0 0	
0 0 0	
0 0 0	
0 0 0	
0 0 0	
0 0 0	
0 0 0	
0 0 0	
0 0 0	
0 0 0	
0 0 0	
0 0 0	
0 0 0	
0 0 0	
0 0 0	

0 0 0	
0 0 0	
0 0 0	
0 0 0	
0 0 0	
0 0 0	
0 0 0	
0 0 0	
0 0 0	
0 0 0	
0 0 0	
0 0 0	
0 0 0	
0 0 0	
0 0 0	
0 0 0	

0 0 0	
0 0 0	
0 0 0	
0 0 0	
0 0 0	
0 0 0	
0 0 0	
0 0 0	
0 0 0	
0 0 0	
0 0 0	
0 0 0	
0 0 0	
0 0 0	
0 0 0	
0 0 0	

0 0 0	
0 0 0	
0 0 0	
0 0 0	
0 0 0	
0 0 0	
0 0 0	
0 0 0	
170 255 0	
0 0 0	
0 0 0	
0 0 0	
0 0 0	
0 0 0	
0 0 0	
0 0 0	

0 0 0	
0 0 0	
0 0 0	
0 0 0	
0 0 0	
0 0 0	
0 0 0	
0 0 0	
0 0 0	
0 0 0	
0 0 0	
0 0 0	
0 0 0	
0 0 0	
0 0 0	
0 0 0	

0 0 0	
0 0 0	
0 0 0	
0 0 0	
0 0 0	
0 0 0	
0 0 0	
0 0 0	
0 0 0	
0 0 0	
0 0 0	
0 0 0	
0 0 0	
0 0 0	
0 0 0	
0 0 0	

0 0 0	
0 0 0	
0 0 0	
0 0 0	
0 0 0	
0 0 0	
0 0 0	
0 0 0	
0 0 0	
0 0 0	
0 0 0	
0 0 0	
0 0 0	
0 0 0	
0 0 0	
0 0 0	

0 0 0	
0 0 0	
0 0 0	
0 0 0	
0 0 0	
0 0 0	
0 0 0	
0 0 0	
0 0 0	
0 0 0	
0 0 0	
0 0 0	
0 0 0	
0 0 0	
0 0 0	
0 0 0	

0 0 0	
0 0 0	
0 0 0	
0 0 0	
0 0 0	
0 0 0	
0 0 0	
0 0 0	
0 0 0	
0 0 0	
0 0 0	
0 0 0	
0 0 0	
0 0 0	
0 0 0	
0 0 0	

0 0 0	
0 0 0	
0 0 0	
170 85 255	
0 0 0	
0 0 0	
0 0 0	
0 0 0	
0 0 0	
0 0 0	
0 0 0	
0 0 0	
0 0 0	
0 0 0	
0 0 0	
0 0 0	

0 0 0	
0 0 0	
0 0 0	
0 0 0	
0 0 0	
0 0 0	
0 0 0	
0 0 0	
0 0 0	
0 0 0	
0 0 0	
0 0 0	
0 0 0	
0 0 0	
0 0 0	
0 0 0	

0 0 0	
0 0 0	
0 0 0	
0 0 0	
0 0 0	
0 0 0	
0 0 0	
0 0 0	
0 0 0	
0 0 0	
0 0 0	
0 0 0	
0 0 0	
0 0 0	
0 0 0	
0 0 0	

